-0.9739022855067766 -0.05759532362686122 -0.2195360178678111 -0.0002318148109593878 0.000151119076034622 0.0009885669713498941 
0.2257820951473115 -0.1472100956807241 -0.9629904362920144 -0.0009992464751889527 -5.913728600553093e-05 -0.0002255214867628385 
-0.02314583646459074 0.9874269252257554 -0.1563724283996982 2.142305503035938e-05 2.535836605839803e-05 1.13116083045955e-05 
0.0003499397406146851 0.000174141517074858 0.0009488843437507011 -0.9397482951504446 0.03190593627332121 0.3403734710986857 
-0.0009651900039107477 5.416412129456472e-05 0.0003459934569082411 -0.3410850721800625 -0.1547463221280369 -0.9272073635852979 
-5.970355696544485e-07 2.24984418708697e-05 -3.502961223986133e-06 0.02308814863046372 -0.987438889269168 0.1563053960453138 
